0 0.5555 0.6240 0.1734 0.2188
2 0.3461 0.8698 0.0672 0.0854
0 0.4070 0.2552 0.1078 0.2104
0 0.1148 0.5875 0.1578 0.2167
0 0.6719 0.8750 0.1844 0.2500
0 0.1633 0.7385 0.1922 0.2604
2 0.2547 0.7094 0.0500 0.0604
0 0.8148 0.1823 0.2078 0.1771
0 0.2687 0.3427 0.1781 0.2354
0 0.8883 0.8573 0.2016 0.2437
0 0.5734 0.3948 0.1656 0.2104
0 0.4062 0.4833 0.1750 0.2292
0 0.1516 0.1688 0.1562 0.2333
0 0.3766 0.6906 0.1531 0.2062
0 0.4219 0.0854 0.1469 0.1667
0 0.5719 0.0906 0.1781 0.1771
1 0.7797 0.5010 0.3750 0.5396
