2 0.8711 0.5229 0.0984 0.1333
0 0.2383 0.0760 0.1703 0.1479
0 0.9375 0.3823 0.1250 0.2021
0 0.4086 0.0760 0.1703 0.1479
0 0.3805 0.2250 0.1953 0.2542
0 0.6102 0.6531 0.1578 0.2188
0 0.7836 0.8302 0.1922 0.2146
0 0.6594 0.3260 0.1812 0.2229
0 0.3469 0.8073 0.1594 0.1771
1 0.2500 0.5167 0.3281 0.4125
2 0.4758 0.8667 0.0859 0.1000
0 0.0875 0.6729 0.1562 0.1958
0 0.5797 0.7365 0.1656 0.2188
0 0.6805 0.0958 0.1797 0.1875
0 0.5172 0.4552 0.1781 0.1646
0 0.1437 0.8865 0.1875 0.2271
0 0.1062 0.1896 0.1938 0.2083
0 0.0766 0.3760 0.1500 0.1938
0 0.8688 0.2656 0.1656 0.2188
