0 0.4273 0.2750 0.1859 0.2125
0 0.3359 0.3354 0.1250 0.1667
0 0.8023 0.5802 0.1016 0.1771
0 0.6898 0.0844 0.2078 0.1646
2 0.4938 0.4458 0.0688 0.0833
0 0.9289 0.8146 0.1422 0.2125
0 0.1234 0.7073 0.1781 0.2562
0 0.9461 0.5563 0.1078 0.2750
0 0.8617 0.2094 0.1797 0.2062
0 0.6117 0.4260 0.1422 0.1979
0 0.4914 0.9042 0.1797 0.1917
0 0.1500 0.3031 0.1781 0.2562
0 0.7195 0.6010 0.1422 0.1979
0 0.0992 0.9042 0.1797 0.1917
2 0.4109 0.5792 0.0688 0.0833
1 0.2766 0.6229 0.2000 0.2792
0 0.5898 0.2156 0.1422 0.1979
0 0.7773 0.9083 0.1547 0.1833
