0 0.5383 0.2729 0.1797 0.2375
0 0.1523 0.4719 0.1703 0.1979
0 0.2711 0.3156 0.1703 0.1979
0 0.7719 0.5729 0.1562 0.1917
0 0.7242 0.7812 0.1766 0.1958
0 0.8383 0.1625 0.1797 0.2375
0 0.9313 0.6281 0.1375 0.2104
0 0.7359 0.3635 0.1594 0.2021
0 0.9086 0.4177 0.1641 0.2229
1 0.4086 0.7677 0.3391 0.4396
0 0.5563 0.0833 0.1594 0.1625
0 0.1797 0.8448 0.1500 0.1938
0 0.6047 0.9031 0.1500 0.1938
0 0.3852 0.1167 0.1922 0.2292
0 0.0859 0.5531 0.1688 0.1979
0 0.1602 0.1406 0.1734 0.2313
0 0.4133 0.4542 0.1766 0.2167
0 0.9023 0.8885 0.1641 0.2229
0 0.6188 0.5250 0.1375 0.2083
