0 0.1945 0.8031 0.1797 0.2562
0 0.4469 0.6312 0.1406 0.1833
0 0.9156 0.6667 0.1406 0.1833
0 0.1859 0.4854 0.1406 0.1833
0 0.7109 0.4083 0.1406 0.1833
0 0.2812 0.1573 0.1562 0.2062
0 0.3703 0.3094 0.2188 0.2021
0 0.9375 0.2677 0.1219 0.2271
0 0.6375 0.4313 0.1406 0.1833
0 0.1055 0.0906 0.1453 0.1771
0 0.9469 0.4875 0.1062 0.2208
0 0.5695 0.5885 0.1766 0.1771
1 0.6117 0.1740 0.2797 0.3438
0 0.4500 0.4854 0.1406 0.1833
0 0.0703 0.5760 0.1375 0.2646
0 0.1156 0.2219 0.1781 0.2562
0 0.3648 0.8000 0.1391 0.1625
0 0.5164 0.9417 0.1391 0.1167
0 0.4133 0.0677 0.1703 0.1313
0 0.5453 0.4292 0.1406 0.1833
0 0.7422 0.3646 0.1406 0.1833
0 0.8250 0.3187 0.1406 0.1833
