0 0.0836 0.8010 0.1516 0.2062
1 0.3625 0.6312 0.3250 0.3667
0 0.4016 0.2854 0.1313 0.2083
0 0.8328 0.4333 0.1625 0.1833
0 0.7672 0.7312 0.1750 0.2042
0 0.4383 0.8896 0.1859 0.1542
0 0.0422 0.3187 0.0813 0.2167
0 0.2859 0.8875 0.1625 0.1833
0 0.5828 0.8104 0.1594 0.2250
0 0.0859 0.6229 0.1594 0.2250
0 0.8977 0.0917 0.1453 0.1792
0 0.7109 0.2646 0.1719 0.2250
2 0.6258 0.1313 0.0578 0.0667
0 0.5156 0.1896 0.1594 0.2250
0 0.7500 0.8396 0.1750 0.2042
0 0.7188 0.4667 0.1688 0.2000
0 0.8352 0.1135 0.1453 0.1812
0 0.3250 0.0885 0.1625 0.1729
