0 0.0781 0.3958 0.1531 0.2167
0 0.6961 0.2375 0.1516 0.2250
0 0.2148 0.9021 0.2109 0.1833
0 0.3469 0.3781 0.1750 0.2146
0 0.0695 0.6521 0.1359 0.1958
0 0.8047 0.6573 0.1469 0.2146
1 0.3078 0.6927 0.2812 0.3771
0 0.4109 0.3281 0.1750 0.2146
0 0.4805 0.8854 0.1484 0.2292
0 0.9258 0.7740 0.1484 0.2354
0 0.5703 0.1625 0.2000 0.2375
2 0.2812 0.2260 0.0563 0.0729
0 0.8484 0.3281 0.1750 0.2146
0 0.7063 0.4635 0.1469 0.2146
0 0.9234 0.6167 0.1500 0.2250
0 0.8258 0.0844 0.1516 0.1646
0 0.1719 0.2896 0.1562 0.2167
0 0.7336 0.0844 0.1516 0.1646
0 0.6594 0.4562 0.0969 0.2125
0 0.2477 0.0906 0.1609 0.1771
