0 0.7820 0.8365 0.1672 0.1938
0 0.8383 0.1135 0.1547 0.1979
0 0.1227 0.1240 0.1547 0.1979
0 0.2711 0.1042 0.1484 0.2042
0 0.0836 0.5010 0.1641 0.1854
0 0.6562 0.2927 0.1844 0.1938
0 0.1570 0.8365 0.1297 0.2021
0 0.5922 0.0833 0.1688 0.1625
0 0.6750 0.4854 0.1844 0.1750
0 0.8586 0.7271 0.1578 0.1917
0 0.8695 0.4385 0.1641 0.2271
0 0.5273 0.7625 0.1828 0.2333
0 0.4367 0.1115 0.1609 0.2062
0 0.7273 0.9302 0.1453 0.1396
0 0.3945 0.3448 0.1547 0.1979
0 0.2313 0.3063 0.1625 0.1875
1 0.3219 0.6729 0.2781 0.3875
