0 0.6461 0.7594 0.1797 0.2646
0 0.2070 0.2250 0.1203 0.2750
0 0.4508 0.7854 0.1797 0.2375
0 0.3398 0.7812 0.1797 0.2375
0 0.2687 0.4854 0.1062 0.2708
0 0.8078 0.9375 0.1875 0.1250
0 0.9258 0.4906 0.1484 0.2854
0 0.0961 0.8396 0.1797 0.2042
0 0.3961 0.5646 0.1859 0.1833
0 0.4867 0.2115 0.1609 0.2313
0 0.0852 0.2781 0.1609 0.1896
0 0.3492 0.3073 0.1703 0.1812
0 0.1500 0.4594 0.1781 0.1938
0 0.0992 0.0833 0.1297 0.1625
1 0.6586 0.4760 0.3578 0.4188
0 0.1492 0.6302 0.2078 0.2896
0 0.6664 0.1198 0.1359 0.1771
0 0.2812 0.1208 0.1531 0.2292
2 0.7500 0.7708 0.0625 0.0958
