0 0.5695 0.4698 0.1766 0.1979
0 0.6773 0.4052 0.1453 0.2437
1 0.6867 0.8323 0.4047 0.3354
0 0.2375 0.1000 0.1531 0.1958
0 0.7898 0.6000 0.1609 0.1958
0 0.8156 0.0719 0.1625 0.1396
0 0.0727 0.4740 0.1422 0.2062
0 0.4133 0.7375 0.1609 0.2083
0 0.2734 0.3531 0.1781 0.2062
0 0.0891 0.1698 0.1500 0.2229
0 0.1586 0.7229 0.1172 0.2833
0 0.9125 0.6604 0.1313 0.1917
0 0.6875 0.1906 0.1531 0.1979
0 0.5281 0.2146 0.1688 0.2333
2 0.6305 0.5604 0.0641 0.0625
2 0.0172 0.6219 0.0312 0.0729
0 0.3773 0.0854 0.1359 0.1667
0 0.4125 0.9073 0.1531 0.1854
