1 0.7641 0.5833 0.3812 0.4750
0 0.4625 0.2469 0.1719 0.1896
2 0.4141 0.6208 0.0813 0.0958
0 0.7961 0.8625 0.1641 0.1750
2 0.2422 0.6042 0.1062 0.1250
0 0.6266 0.8969 0.1719 0.1896
2 0.0234 0.6385 0.0437 0.0854
0 0.2594 0.7740 0.1875 0.2354
0 0.9398 0.1385 0.1203 0.1938
0 0.5336 0.4208 0.1641 0.1750
0 0.6289 0.3146 0.1641 0.1750
0 0.9539 0.8948 0.0891 0.2104
0 0.5500 0.6760 0.1500 0.2604
0 0.4813 0.0896 0.1812 0.1750
0 0.4461 0.8542 0.1641 0.1750
2 0.1258 0.2979 0.0734 0.1000
0 0.0852 0.5656 0.1672 0.2104
0 0.2445 0.1292 0.1641 0.1750
