0 0.7734 0.2094 0.1625 0.2146
2 0.4117 0.0594 0.0516 0.0896
0 0.2273 0.1000 0.1641 0.1958
0 0.6156 0.3635 0.1781 0.2687
1 0.8766 0.7510 0.2469 0.3854
0 0.0820 0.7219 0.1609 0.2146
0 0.3563 0.7375 0.1906 0.2333
0 0.5188 0.6438 0.1469 0.1917
0 0.6984 0.2552 0.1625 0.2146
0 0.3789 0.2146 0.1766 0.2125
0 0.5328 0.8781 0.1562 0.1896
0 0.3906 0.4115 0.1969 0.2354
0 0.1977 0.7344 0.1641 0.2354
0 0.5328 0.7740 0.1562 0.1896
2 0.7375 0.6469 0.0594 0.0771
0 0.5734 0.0896 0.1688 0.1750
0 0.7172 0.9031 0.1562 0.1896
