0 0.1367 0.9271 0.1391 0.1458
0 0.0773 0.8677 0.1516 0.1812
2 0.3609 0.9083 0.0656 0.0708
0 0.8375 0.2969 0.1812 0.2479
0 0.7375 0.5823 0.1812 0.2479
0 0.8273 0.6271 0.1547 0.2125
0 0.5922 0.3677 0.1812 0.2479
0 0.9070 0.7521 0.1547 0.2125
0 0.7703 0.4302 0.1812 0.2479
0 0.7727 0.1198 0.2109 0.2354
0 0.4703 0.1396 0.2281 0.2250
0 0.7883 0.8417 0.1547 0.2125
0 0.2141 0.1146 0.1906 0.2250
2 0.6531 0.0646 0.0688 0.1208
0 0.2633 0.9271 0.1391 0.1458
1 0.5352 0.6250 0.2547 0.3375
0 0.3828 0.3448 0.1531 0.2271
0 0.1156 0.4281 0.1531 0.2271
0 0.8242 0.7396 0.1547 0.2125
0 0.0633 0.1458 0.1234 0.2417
