0 0.6289 0.4302 0.1672 0.3312
0 0.3359 0.2594 0.1437 0.1896
0 0.0953 0.6562 0.1688 0.2167
2 0.6789 0.8635 0.0672 0.0771
0 0.7820 0.0813 0.1953 0.1583
0 0.4852 0.6271 0.1891 0.2333
0 0.1070 0.5646 0.1641 0.1750
0 0.6891 0.6521 0.1969 0.2292
0 0.4281 0.3573 0.1437 0.1896
0 0.0742 0.0875 0.1422 0.1708
0 0.8820 0.4542 0.1453 0.2083
2 0.3070 0.4021 0.0516 0.1000
2 0.1562 0.0688 0.0688 0.0750
0 0.4195 0.2302 0.1297 0.1646
0 0.8695 0.7385 0.1703 0.2354
0 0.1781 0.3323 0.1750 0.2313
0 0.7633 0.2969 0.1953 0.2313
2 0.5555 0.4771 0.0672 0.0792
1 0.3000 0.8052 0.3563 0.3896
