0 0.1328 0.4500 0.1719 0.2000
0 0.3875 0.3979 0.1406 0.1625
0 0.3367 0.6260 0.1797 0.2521
0 0.7992 0.3406 0.1297 0.1729
0 0.1266 0.8375 0.1750 0.2083
0 0.6273 0.7021 0.1609 0.1875
1 0.8688 0.7958 0.2625 0.3833
2 0.6992 0.5552 0.1078 0.1521
0 0.6094 0.2354 0.1906 0.2292
2 0.1414 0.2812 0.0703 0.0917
2 0.2156 0.0927 0.0813 0.0813
0 0.0945 0.1750 0.1516 0.2042
0 0.3672 0.1062 0.2031 0.2083
0 0.4633 0.8198 0.1516 0.1979
0 0.3477 0.3260 0.1703 0.1938
0 0.8727 0.3073 0.1484 0.2229
0 0.9070 0.5437 0.1766 0.1667
0 0.2578 0.7667 0.1750 0.2083
0 0.7234 0.0802 0.2344 0.1562
