0 0.2984 0.9146 0.1812 0.1708
0 0.1305 0.4562 0.1328 0.2542
0 0.3391 0.6875 0.1656 0.1917
0 0.8492 0.5052 0.1609 0.1938
0 0.2539 0.0979 0.2328 0.1917
0 0.7211 0.7760 0.1609 0.2396
0 0.8961 0.1979 0.1297 0.1958
0 0.5805 0.3740 0.1609 0.1938
0 0.5664 0.5375 0.2047 0.2375
1 0.3141 0.3792 0.2938 0.3542
0 0.8992 0.8115 0.1609 0.2396
0 0.4281 0.6115 0.1344 0.1771
0 0.6633 0.4094 0.1609 0.1938
0 0.8008 0.8448 0.1609 0.2396
0 0.4453 0.9146 0.1812 0.1708
0 0.0445 0.3927 0.0859 0.2771
0 0.2859 0.8479 0.1812 0.1708
