0 0.2992 0.6542 0.1703 0.2292
0 0.9164 0.7990 0.1672 0.2354
0 0.9281 0.0958 0.1437 0.1875
0 0.1258 0.4865 0.1734 0.2146
0 0.1547 0.2719 0.1750 0.2062
0 0.7805 0.0917 0.1453 0.1792
0 0.6148 0.5865 0.1984 0.2479
0 0.4617 0.7323 0.1828 0.2271
0 0.8172 0.2760 0.1437 0.1896
0 0.4602 0.8990 0.1828 0.2021
1 0.4242 0.2156 0.4016 0.3854
0 0.2000 0.7719 0.1625 0.2146
0 0.7203 0.2948 0.1437 0.1896
0 0.7711 0.7250 0.1984 0.2500
0 0.8039 0.4865 0.1859 0.2313
0 0.1953 0.0865 0.1688 0.1688
0 0.6570 0.8260 0.1859 0.2313
