0 0.3578 0.9187 0.1594 0.1625
0 0.7828 0.0896 0.1969 0.1750
0 0.8234 0.9083 0.2500 0.1833
0 0.2578 0.0896 0.1750 0.1750
0 0.9172 0.8000 0.1656 0.2042
0 0.8836 0.3271 0.1891 0.2250
0 0.4969 0.1542 0.1656 0.2042
0 0.3977 0.3646 0.1828 0.1667
0 0.4281 0.1396 0.1656 0.2042
0 0.0758 0.4844 0.1484 0.2771
0 0.6547 0.7583 0.1656 0.2042
0 0.2984 0.2437 0.1344 0.2292
0 0.4906 0.9187 0.1594 0.1625
1 0.2492 0.5875 0.3672 0.4125
0 0.7164 0.5750 0.1891 0.2250
0 0.0805 0.0813 0.1578 0.1583
0 0.5766 0.1917 0.1656 0.2042
0 0.9016 0.6229 0.1656 0.2042
0 0.6344 0.1917 0.1656 0.2042
0 0.7953 0.7521 0.1656 0.2042
