0 0.4250 0.3885 0.1594 0.1604
0 0.8477 0.5687 0.1797 0.2333
1 0.0953 0.5365 0.1875 0.2437
0 0.5844 0.6490 0.1594 0.1604
0 0.4375 0.2146 0.1594 0.1958
0 0.3016 0.6302 0.1594 0.1604
0 0.1992 0.3063 0.1609 0.1833
0 0.6562 0.8688 0.1844 0.2167
0 0.4133 0.6604 0.1172 0.1500
0 0.7781 0.7688 0.1594 0.1958
0 0.6109 0.0813 0.1594 0.1583
0 0.0844 0.7906 0.1656 0.2354
0 0.0609 0.0688 0.1187 0.1333
0 0.7070 0.3333 0.1672 0.2208
2 0.8516 0.6490 0.0406 0.0563
0 0.8508 0.3375 0.1797 0.2333
0 0.3695 0.8250 0.1609 0.1833
