0 0.3586 0.2104 0.1078 0.1792
0 0.0594 0.7781 0.1156 0.2146
0 0.6617 0.6031 0.1516 0.2104
0 0.5266 0.6740 0.1437 0.2229
0 0.8570 0.6010 0.1516 0.2104
2 0.6656 0.2271 0.0656 0.0958
2 0.5031 0.0958 0.0656 0.0958
1 0.1125 0.5458 0.2219 0.2958
0 0.7922 0.9031 0.1531 0.1938
0 0.7898 0.5031 0.1516 0.2104
2 0.5750 0.2375 0.0656 0.0958
0 0.0531 0.2646 0.1031 0.2667
0 0.5664 0.0854 0.2047 0.1667
0 0.6430 0.9187 0.1641 0.1625
0 0.5578 0.4698 0.1812 0.2146
0 0.3719 0.3542 0.1250 0.2208
0 0.2758 0.6448 0.1672 0.2521
0 0.2953 0.3458 0.1250 0.2208
0 0.5883 0.9187 0.1641 0.1625
0 0.5328 0.3667 0.1719 0.2208
0 0.9102 0.1615 0.1797 0.2938
0 0.8336 0.6906 0.1516 0.2104
0 0.7836 0.2021 0.1766 0.2583
0 0.9469 0.8448 0.1062 0.2062
0 0.8148 0.8094 0.1516 0.2104
