0 0.5367 0.4302 0.1641 0.2021
0 0.1898 0.4781 0.1516 0.1896
0 0.7562 0.1490 0.1469 0.1771
0 0.7047 0.8490 0.1469 0.1771
0 0.8727 0.7312 0.1797 0.2083
0 0.2891 0.2865 0.1625 0.1729
0 0.5055 0.7677 0.1641 0.2021
0 0.5180 0.2219 0.1641 0.2021
1 0.1883 0.9000 0.3078 0.2000
0 0.8523 0.4396 0.1797 0.2667
0 0.0977 0.2698 0.1234 0.2604
0 0.3609 0.1010 0.2250 0.1979
0 0.7250 0.7427 0.1469 0.1771
0 0.2586 0.4573 0.1516 0.1896
0 0.4250 0.4385 0.1437 0.2021
0 0.2555 0.6677 0.1828 0.1979
0 0.3836 0.8656 0.1828 0.1979
0 0.6914 0.5479 0.1797 0.2083
0 0.5883 0.6417 0.1797 0.2083
