0 0.9320 0.1094 0.1359 0.2146
0 0.9016 0.5833 0.1344 0.2167
0 0.3398 0.5656 0.1609 0.2104
0 0.0555 0.3281 0.1078 0.2479
0 0.9313 0.8771 0.1344 0.2458
0 0.3625 0.0635 0.1250 0.1229
0 0.2031 0.5969 0.1281 0.1812
0 0.0844 0.7135 0.1656 0.2562
0 0.6922 0.2667 0.1812 0.2208
0 0.9313 0.4854 0.1344 0.2167
0 0.5930 0.7094 0.1609 0.2104
0 0.7391 0.4813 0.1000 0.1500
0 0.5109 0.8104 0.1906 0.2542
0 0.2648 0.0719 0.1578 0.1396
0 0.4219 0.4677 0.1437 0.1979
0 0.3977 0.7469 0.1609 0.2104
0 0.0648 0.4760 0.1266 0.1812
0 0.6859 0.4510 0.1625 0.2062
0 0.3070 0.3740 0.1672 0.2562
1 0.5352 0.1677 0.2734 0.3312
0 0.8164 0.2583 0.1891 0.2750
0 0.2930 0.9260 0.1828 0.1479
