0 0.4164 0.1250 0.1453 0.2167
0 0.8273 0.5906 0.1672 0.2021
0 0.4813 0.9365 0.1437 0.1271
0 0.7195 0.4292 0.1391 0.1625
1 0.3227 0.4698 0.3047 0.4437
0 0.7867 0.3125 0.1391 0.1625
0 0.5867 0.2646 0.1828 0.2208
0 0.3844 0.8094 0.1469 0.2146
0 0.2313 0.8844 0.1969 0.2188
0 0.6383 0.5000 0.1391 0.1625
2 0.1617 0.3635 0.0578 0.0896
0 0.2469 0.1229 0.1688 0.2417
0 0.8445 0.4198 0.1109 0.1604
0 0.7914 0.3979 0.1391 0.2042
0 0.7047 0.7135 0.1469 0.2146
0 0.0742 0.2677 0.1453 0.2146
0 0.1023 0.7344 0.1609 0.2354
0 0.6070 0.2083 0.1453 0.2167
0 0.4766 0.2604 0.1469 0.1917
