0 0.1367 0.6281 0.1547 0.2313
0 0.2211 0.4094 0.1609 0.2188
0 0.9422 0.3083 0.1156 0.2167
0 0.4109 0.2198 0.1688 0.1396
0 0.7094 0.1396 0.1812 0.2125
0 0.3758 0.8844 0.1547 0.2313
0 0.7086 0.6552 0.1547 0.2313
0 0.7984 0.9313 0.1375 0.1375
0 0.0805 0.2323 0.1578 0.2188
0 0.9094 0.7438 0.1812 0.2125
0 0.6711 0.8427 0.1547 0.2313
1 0.4336 0.4729 0.2422 0.3167
0 0.0805 0.1344 0.1578 0.2188
0 0.1766 0.0635 0.1531 0.1229
0 0.9281 0.9167 0.1437 0.1667
2 0.8258 0.4417 0.0703 0.0833
0 0.3469 0.6958 0.2281 0.2208
