0 0.4320 0.1104 0.1859 0.2167
0 0.6492 0.3802 0.1859 0.2188
0 0.4195 0.4240 0.1859 0.2188
0 0.5773 0.3906 0.1859 0.2188
0 0.8836 0.3948 0.1859 0.2188
2 0.7117 0.0844 0.0828 0.1021
2 0.7500 0.2104 0.0563 0.0750
0 0.7758 0.4448 0.1859 0.2188
0 0.8961 0.6656 0.1859 0.2188
0 0.5492 0.1656 0.1859 0.2188
0 0.0789 0.5146 0.1547 0.2708
0 0.2695 0.1104 0.1859 0.2167
1 0.2836 0.6844 0.2828 0.3063
0 0.4789 0.3573 0.1859 0.2188
0 0.6531 0.9146 0.1875 0.1708
0 0.7164 0.4281 0.1859 0.2188
2 0.2859 0.9354 0.0563 0.0750
