0 0.0813 0.8198 0.1594 0.2062
0 0.2078 0.8031 0.1625 0.2062
0 0.6867 0.2958 0.1547 0.2167
0 0.8656 0.5479 0.1500 0.1708
0 0.5844 0.5969 0.1500 0.2146
0 0.3281 0.1927 0.1500 0.2146
0 0.6023 0.1115 0.1328 0.1688
0 0.7797 0.7917 0.1500 0.1708
0 0.8172 0.7500 0.1500 0.1708
1 0.8781 0.1719 0.2219 0.2562
0 0.4234 0.6760 0.1500 0.2146
0 0.2031 0.2521 0.1562 0.2167
0 0.3453 0.6740 0.1500 0.2146
0 0.9336 0.3740 0.1328 0.1688
0 0.3539 0.2990 0.1328 0.1688
0 0.7578 0.5042 0.1500 0.1708
0 0.6781 0.8896 0.1500 0.1708
0 0.8094 0.5208 0.1500 0.1708
0 0.8484 0.7188 0.1500 0.1708
2 0.2945 0.0563 0.0484 0.0583
0 0.6203 0.9146 0.1500 0.1708
0 0.0781 0.3354 0.1531 0.2167
0 0.4344 0.4885 0.1500 0.2146
0 0.4562 0.8552 0.1625 0.2062
0 0.7156 0.8354 0.1500 0.1708
