0 0.5617 0.8792 0.1984 0.2417
0 0.1141 0.4156 0.1375 0.1979
0 0.9469 0.6344 0.1062 0.1688
0 0.0969 0.5771 0.1469 0.2375
0 0.9094 0.8406 0.1812 0.2062
0 0.6336 0.1156 0.1953 0.2271
0 0.8977 0.4271 0.1984 0.2417
1 0.2961 0.2500 0.2859 0.3583
0 0.4016 0.5958 0.1500 0.1708
0 0.5641 0.6312 0.1719 0.2500
0 0.6922 0.2958 0.1719 0.2500
0 0.5188 0.3604 0.1719 0.2500
2 0.2367 0.6583 0.0609 0.1000
0 0.3727 0.6760 0.1641 0.2354
0 0.1391 0.0802 0.1625 0.1562
0 0.8500 0.0781 0.1562 0.1521
0 0.1844 0.9313 0.1750 0.1375
0 0.3516 0.5417 0.1500 0.1708
