0 0.7937 0.1187 0.1625 0.2250
0 0.2797 0.1323 0.1187 0.1896
0 0.6414 0.0594 0.1703 0.1146
0 0.8977 0.3135 0.2047 0.2354
0 0.5664 0.1958 0.1453 0.1958
0 0.7617 0.8167 0.1641 0.1875
0 0.9172 0.8542 0.1625 0.2250
0 0.1930 0.8688 0.1797 0.1917
0 0.6344 0.4125 0.1625 0.2250
0 0.1820 0.4198 0.1516 0.1979
0 0.4227 0.4479 0.1984 0.2292
0 0.0523 0.4219 0.1016 0.2396
0 0.3484 0.8042 0.1688 0.2875
1 0.5539 0.8667 0.3359 0.2667
0 0.7781 0.5729 0.1625 0.2250
0 0.1273 0.2333 0.1453 0.1958
0 0.1797 0.7375 0.1594 0.2167
0 0.1953 0.5250 0.1594 0.2167
