0 0.5945 0.2573 0.1297 0.1812
0 0.9375 0.6052 0.1250 0.2271
0 0.7859 0.0719 0.1469 0.1396
0 0.7375 0.2760 0.2062 0.2188
0 0.5805 0.0729 0.1797 0.1417
0 0.0906 0.0833 0.1313 0.1625
0 0.3984 0.0458 0.1719 0.0875
0 0.4820 0.2344 0.1297 0.1812
0 0.3406 0.5656 0.1594 0.2479
0 0.9422 0.2458 0.1156 0.1750
0 0.1320 0.2656 0.1297 0.1812
0 0.4945 0.4365 0.1297 0.1812
1 0.1773 0.6771 0.2828 0.4000
0 0.5445 0.2469 0.1297 0.1812
0 0.1867 0.3969 0.1578 0.2188
0 0.9461 0.4521 0.1078 0.1792
1 0.5852 0.7531 0.4234 0.4521
0 0.5508 0.4635 0.1297 0.1812
