0 0.8242 0.2760 0.1609 0.2021
0 0.6555 0.8927 0.1891 0.2146
0 0.6734 0.6917 0.1469 0.1917
0 0.1695 0.9417 0.1234 0.1167
0 0.6352 0.0740 0.1609 0.1437
0 0.4125 0.0875 0.1719 0.1708
0 0.2992 0.9260 0.1422 0.1479
1 0.4688 0.3615 0.2812 0.3937
0 0.4234 0.6833 0.1906 0.2250
0 0.1477 0.4437 0.1359 0.2250
0 0.4938 0.9260 0.1938 0.1479
0 0.2539 0.2719 0.1484 0.1729
0 0.8750 0.4938 0.1406 0.2125
0 0.8422 0.8458 0.1281 0.2042
0 0.2383 0.0740 0.1609 0.1437
2 0.0953 0.6427 0.1094 0.1313
0 0.7430 0.4437 0.1641 0.2167
