0 0.5656 0.4667 0.1031 0.1958
0 0.1555 0.4979 0.1453 0.2500
0 0.0773 0.2104 0.1516 0.2625
0 0.7227 0.6937 0.1422 0.2083
0 0.8289 0.2906 0.1422 0.2021
0 0.2930 0.1000 0.1672 0.1958
0 0.8047 0.5500 0.1594 0.2292
0 0.6359 0.4417 0.0969 0.1708
0 0.7773 0.6979 0.1359 0.1667
0 0.5492 0.0719 0.1641 0.1396
0 0.7695 0.9167 0.1359 0.1667
0 0.5453 0.2365 0.1812 0.2271
0 0.6211 0.1708 0.1609 0.2333
0 0.6188 0.8490 0.1562 0.1938
0 0.7883 0.3583 0.1359 0.1667
0 0.5055 0.8260 0.1422 0.2271
0 0.9227 0.2302 0.1422 0.2021
0 0.3297 0.4417 0.1437 0.2167
1 0.2766 0.8281 0.3406 0.3438
