2 0.2078 0.3990 0.0594 0.0729
0 0.8164 0.5177 0.1547 0.2021
0 0.1844 0.7083 0.1906 0.2083
0 0.9055 0.8521 0.1703 0.2208
0 0.4039 0.6802 0.1641 0.1979
0 0.3773 0.0969 0.1547 0.1896
0 0.2602 0.1698 0.1641 0.2313
0 0.5758 0.7094 0.1859 0.2521
0 0.2773 0.8604 0.1453 0.2167
0 0.7602 0.8167 0.1703 0.2208
0 0.1570 0.3094 0.1672 0.2313
0 0.6961 0.1187 0.1734 0.2333
2 0.8352 0.3531 0.0516 0.0938
0 0.4195 0.9010 0.1641 0.1979
2 0.2070 0.4781 0.0641 0.0938
0 0.6539 0.5344 0.1859 0.2521
2 0.7102 0.3458 0.0859 0.1083
1 0.4531 0.3385 0.3312 0.4062
