0 0.4336 0.3281 0.1547 0.2021
0 0.7352 0.2344 0.1547 0.2021
0 0.1102 0.6260 0.1672 0.2313
0 0.9313 0.5938 0.1375 0.2167
1 0.6211 0.7812 0.2453 0.3250
0 0.1898 0.1948 0.1547 0.2021
0 0.2531 0.7375 0.1437 0.1875
0 0.7844 0.8375 0.1594 0.2167
0 0.3820 0.1135 0.1797 0.2229
0 0.4938 0.3677 0.1719 0.1979
0 0.5898 0.0969 0.1578 0.1896
0 0.2609 0.5115 0.1812 0.2062
0 0.7688 0.5750 0.1656 0.2125
0 0.4773 0.5604 0.1578 0.1500
0 0.7820 0.0729 0.1578 0.1417
0 0.9195 0.0729 0.1578 0.1417
0 0.7961 0.4760 0.1672 0.2313
0 0.3539 0.7250 0.1578 0.2167
0 0.9375 0.2729 0.1250 0.2458
