0 0.6922 0.9177 0.1844 0.1646
0 0.1555 0.7854 0.1484 0.1958
0 0.7555 0.1385 0.1578 0.2271
0 0.7273 0.6312 0.1734 0.2458
0 0.8664 0.3823 0.1453 0.2313
0 0.9187 0.0813 0.1625 0.1583
0 0.6687 0.4979 0.1469 0.2000
0 0.9211 0.8615 0.1578 0.2271
0 0.5461 0.1396 0.1828 0.1875
1 0.4750 0.5979 0.2500 0.2417
2 0.6273 0.1698 0.0516 0.0646
0 0.9258 0.6458 0.1484 0.1958
0 0.2664 0.5687 0.1734 0.2458
0 0.3117 0.4156 0.1734 0.2062
0 0.4437 0.8552 0.1844 0.2062
0 0.1305 0.0708 0.1766 0.1375
0 0.2883 0.8187 0.1484 0.2292
2 0.5500 0.3542 0.0500 0.0583
