0 0.4859 0.6354 0.1094 0.2500
0 0.7758 0.5625 0.1703 0.2125
0 0.9492 0.7969 0.1016 0.2146
0 0.6336 0.8844 0.1797 0.2313
0 0.5445 0.6219 0.1422 0.2521
0 0.3516 0.7312 0.1094 0.2500
0 0.3969 0.7229 0.1094 0.2500
0 0.9156 0.1771 0.1688 0.2042
0 0.6961 0.5375 0.1703 0.2125
0 0.2148 0.5854 0.1703 0.2125
0 0.4359 0.6854 0.1094 0.2500
0 0.3617 0.9052 0.1703 0.1896
0 0.6367 0.2698 0.1797 0.2313
0 0.3820 0.0938 0.1453 0.1833
0 0.8164 0.7375 0.1703 0.2125
0 0.5555 0.0958 0.1828 0.1875
0 0.1805 0.1594 0.1484 0.2271
0 0.9437 0.2854 0.1125 0.2000
1 0.3195 0.3750 0.2359 0.2958
