0 0.8219 0.1510 0.1313 0.2313
0 0.4117 0.7125 0.1766 0.2458
0 0.8750 0.1031 0.1313 0.2021
0 0.0844 0.8219 0.1656 0.2437
0 0.2164 0.1573 0.1141 0.2188
0 0.3016 0.4167 0.2062 0.2917
2 0.1109 0.2219 0.0594 0.0896
0 0.9461 0.8500 0.1078 0.2333
0 0.1844 0.9240 0.1750 0.1521
0 0.2883 0.1542 0.1297 0.2167
0 0.6258 0.2906 0.1328 0.2313
2 0.8484 0.7406 0.0594 0.0896
1 0.6000 0.8656 0.2313 0.2687
0 0.9336 0.7031 0.1328 0.2313
0 0.7055 0.2281 0.1328 0.2313
1 0.6977 0.5625 0.3016 0.3708
0 0.7727 0.1865 0.1328 0.2313
0 0.2359 0.7427 0.1688 0.2437
0 0.5078 0.1427 0.1469 0.2188
