0 0.8586 0.5729 0.2109 0.2167
0 0.2680 0.3510 0.1984 0.1979
0 0.4109 0.8229 0.1750 0.1875
0 0.2195 0.8500 0.1922 0.2125
2 0.1344 0.4615 0.0656 0.0771
0 0.4172 0.2521 0.1750 0.1875
0 0.4875 0.7302 0.1844 0.2188
1 0.3180 0.5729 0.2703 0.3542
0 0.5422 0.3104 0.1750 0.1875
2 0.1719 0.4219 0.0656 0.0771
0 0.1242 0.2219 0.1984 0.1979
0 0.6477 0.8229 0.1922 0.2833
0 0.7922 0.7417 0.1812 0.1542
0 0.9258 0.8833 0.1453 0.2333
2 0.5508 0.0323 0.0609 0.0604
0 0.8711 0.1198 0.1953 0.2354
0 0.8766 0.4229 0.1812 0.1792
0 0.6734 0.3927 0.1812 0.1938
