0 0.6102 0.0854 0.1703 0.1667
0 0.1852 0.7427 0.1734 0.2062
0 0.3898 0.6208 0.1797 0.2917
2 0.2523 0.4802 0.0672 0.0854
0 0.1977 0.1646 0.1859 0.2292
0 0.8055 0.1000 0.1234 0.1958
0 0.6719 0.3865 0.1875 0.1771
2 0.6836 0.2854 0.0578 0.0750
0 0.9336 0.1479 0.1328 0.2167
1 0.7000 0.6740 0.3688 0.4688
2 0.3961 0.8990 0.0766 0.0854
0 0.5180 0.4677 0.1547 0.2354
0 0.1352 0.3958 0.1859 0.2292
0 0.8469 0.3167 0.1531 0.1958
0 0.5180 0.2365 0.1609 0.1896
0 0.5023 0.8187 0.1578 0.2292
0 0.1914 0.6156 0.1734 0.2062
2 0.4391 0.0563 0.0594 0.0875
0 0.7344 0.1969 0.1156 0.1854
