0 0.5742 0.5833 0.1609 0.1833
0 0.1469 0.4667 0.1656 0.2333
0 0.9430 0.6208 0.1141 0.2292
0 0.2117 0.6042 0.1672 0.2333
0 0.9367 0.9052 0.1266 0.1896
0 0.5367 0.9177 0.1609 0.1646
0 0.7086 0.3021 0.2484 0.2583
2 0.2953 0.9073 0.0563 0.0938
0 0.6781 0.7688 0.1656 0.2083
0 0.2227 0.3312 0.1672 0.2333
2 0.2562 0.7490 0.0563 0.0938
0 0.0805 0.8219 0.1578 0.2062
0 0.4602 0.3958 0.1609 0.1833
0 0.8375 0.7115 0.1812 0.2687
0 0.5570 0.0927 0.1609 0.1812
0 0.0828 0.1896 0.1625 0.2583
0 0.3328 0.4521 0.1656 0.2583
0 0.8680 0.2938 0.1609 0.1833
2 0.1969 0.7802 0.0563 0.0938
0 0.2219 0.0813 0.1844 0.1583
0 0.7734 0.7615 0.1219 0.2229
1 0.4039 0.7396 0.2359 0.2917
0 0.1328 0.6583 0.1656 0.2333
