0 0.2492 0.1479 0.1672 0.2042
0 0.4234 0.6948 0.1781 0.2062
0 0.8172 0.3219 0.1375 0.1896
0 0.0859 0.9344 0.1688 0.1313
0 0.7922 0.4531 0.1375 0.1896
0 0.0930 0.0958 0.1641 0.1875
0 0.8797 0.5302 0.1375 0.1896
0 0.3273 0.9073 0.1641 0.1854
0 0.8656 0.9146 0.2156 0.1708
2 0.1141 0.5396 0.0813 0.0917
0 0.9156 0.6000 0.1688 0.2042
0 0.6352 0.4188 0.2078 0.2417
0 0.1836 0.7604 0.1766 0.2167
0 0.8484 0.4885 0.1375 0.1896
0 0.5047 0.9031 0.1688 0.1938
0 0.5820 0.8177 0.1203 0.1812
0 0.5883 0.7073 0.1203 0.1812
1 0.5977 0.0969 0.2203 0.1896
0 0.4164 0.9344 0.1516 0.1313
0 0.3039 0.7208 0.1766 0.2167
0 0.8828 0.2823 0.1375 0.1896
0 0.0672 0.2833 0.1313 0.2208
0 0.4711 0.3771 0.1766 0.2167
0 0.4648 0.1688 0.1766 0.2167
