0 0.0742 0.6417 0.1453 0.2583
0 0.7031 0.4813 0.1344 0.1583
0 0.8992 0.9125 0.1734 0.1750
1 0.5656 0.8792 0.2344 0.2417
2 0.5656 0.2687 0.0594 0.0875
1 0.3102 0.4333 0.2234 0.2708
0 0.0719 0.2344 0.1406 0.1979
0 0.9000 0.6208 0.1688 0.1833
0 0.1313 0.1031 0.1781 0.2021
0 0.2109 0.7698 0.1625 0.2021
2 0.2016 0.5583 0.0594 0.0875
0 0.5516 0.5406 0.1625 0.2021
0 0.3203 0.8990 0.1625 0.2021
0 0.9344 0.7531 0.1313 0.1771
0 0.8844 0.4875 0.1688 0.1833
0 0.7102 0.5802 0.1859 0.2104
0 0.8172 0.0750 0.2188 0.1458
0 0.1547 0.8469 0.1625 0.2021
2 0.6687 0.2271 0.0594 0.0875
0 0.4734 0.6510 0.1625 0.2021
0 0.1602 0.2281 0.1422 0.1979
0 0.6000 0.4198 0.1625 0.2021
0 0.9172 0.2490 0.1656 0.2562
2 0.4211 0.8406 0.0891 0.0938
