0 0.4680 0.2969 0.1828 0.2354
0 0.8828 0.3187 0.1844 0.1792
2 0.7305 0.6250 0.0859 0.0708
0 0.3945 0.1979 0.1266 0.1958
0 0.1008 0.8479 0.1266 0.2167
0 0.3117 0.7781 0.1891 0.2229
1 0.2336 0.5146 0.2328 0.2833
0 0.0688 0.3948 0.1344 0.2562
0 0.5000 0.0781 0.1406 0.1521
0 0.9023 0.2135 0.1891 0.1896
0 0.0891 0.9406 0.1437 0.1187
0 0.4180 0.6635 0.1891 0.2229
0 0.1156 0.2667 0.1719 0.2417
0 0.7398 0.1198 0.1641 0.2062
0 0.0594 0.6562 0.1156 0.2125
0 0.4945 0.8719 0.1891 0.2229
0 0.3961 0.0542 0.1453 0.1042
0 0.2109 0.1750 0.2031 0.2542
0 0.6461 0.3865 0.1547 0.1771
0 0.7039 0.8531 0.1891 0.2229
0 0.4492 0.5135 0.1891 0.2229
0 0.7570 0.3802 0.1891 0.1896
0 0.0594 0.7521 0.1156 0.2125
0 0.0625 0.5333 0.1219 0.2583
